Rodada 1
Origem: 3688 Destino: 596
Processando...
----------------------------------------
Algoritmo de Dijkstra
Tempo de execução: 3.0330700874328613
Caminho: [3688, 3686, 3638, 3620, 2242, 2243, 3635, 3634, 3632, 3633, 3624, 1029, 3613, 3610, 3611, 3608, 3609, 3594, 3603, 3590, 3600, 3601, 1400, 1398, 1395, 1393, 1391, 1390, 1290, 1284, 1259, 1252, 1245, 1243, 1241, 1238, 1184, 1178, 1147, 1176, 1144, 1140, 1137, 1120, 1116, 1114, 698, 699, 700, 671, 666, 664, 596]
Peso: 10057
----------------------------------------
Algoritmo de Bellman-Ford
Tempo de execução: 129.73315405845642
Caminho: [3688, 3686, 3638, 3620, 2242, 2243, 3635, 3634, 3632, 3633, 3624, 1029, 3613, 3610, 3611, 3608, 3609, 3594, 3603, 3590, 3600, 3601, 1400, 1398, 1395, 1393, 1391, 1390, 1290, 1284, 1259, 1252, 1245, 1243, 1241, 1238, 1184, 1178, 1147, 1176, 1144, 1140, 1137, 1120, 1116, 1114, 698, 699, 700, 671, 666, 664, 596]
Peso: 10057
----------------------------------------
Algoritmo de FloydWarshall
Tempo de execução: Tempo excedido
Caminho: []
Peso: inf


Rodada 2
Origem: 8305 Destino: 4806
Processando...
----------------------------------------
Algoritmo de Dijkstra
Tempo de execução: 4.191980600357056
Caminho: [8305, 7986, 7970, 7966, 7114, 7111, 7104, 7103, 7102, 7093, 7090, 7088, 7087, 7084, 7083, 7081, 7080, 5036, 5035, 5028, 5020, 5018, 5015, 5010, 5008, 4977, 4974, 4967, 4963, 4957, 4816, 4814, 4813, 4808, 4806]
Peso: 8928
----------------------------------------
Algoritmo de Bellman-Ford
Tempo de execução: 133.47161221504211
Caminho: [8305, 7986, 7970, 7966, 7114, 7111, 7104, 7103, 7102, 7093, 7090, 7088, 7087, 7084, 7083, 7081, 7080, 5036, 5035, 5028, 5020, 5018, 5015, 5010, 5008, 4977, 4974, 4967, 4963, 4957, 4816, 4814, 4813, 4808, 4806]
Peso: 8928
----------------------------------------
Algoritmo de FloydWarshall
Tempo de execução: Tempo excedido
Caminho: []
Peso: inf


Rodada 3
Origem: 4923 Destino: 6365
Processando...
----------------------------------------
Algoritmo de Dijkstra
Tempo de execução: 3.088580369949341
Caminho: [4923, 4921, 4868, 4893, 4892, 4887, 4852, 4853, 8736, 9193, 9303, 9304, 9330, 9331, 9334, 4843, 4660, 4658, 4655, 4638, 4636, 9545, 9442, 4599, 4597, 4526, 4527, 4523, 4528, 4521, 4520, 9542, 9541, 4510, 4509, 4504, 4503, 4506, 4557, 4561, 4559, 4573, 4572, 6448, 6456, 5888, 5889, 5890, 5891, 6015, 6020, 6025, 6026, 6067, 6070, 6270, 6272, 6282, 6284, 6302, 6301, 6297, 6303, 6299, 6296, 6307, 6306, 6308, 6310, 6309, 6356, 6358, 6355, 6354, 6367, 6365]
Peso: 11301
----------------------------------------
Algoritmo de Bellman-Ford
Tempo de execução: 131.25940084457397
Caminho: [4923, 4921, 4868, 4893, 4892, 4887, 4852, 4853, 8736, 9193, 9303, 9304, 9330, 9331, 9334, 4843, 4660, 4658, 4655, 4638, 4636, 9545, 9442, 4599, 4597, 4526, 4527, 4523, 4528, 4521, 4520, 9542, 9541, 4510, 4509, 4504, 4503, 4506, 4557, 4561, 4559, 4573, 4572, 6448, 6456, 5888, 5889, 5890, 5891, 6015, 6020, 6025, 6026, 6067, 6070, 6270, 6272, 6282, 6284, 6302, 6301, 6297, 6303, 6299, 6296, 6307, 6306, 6308, 6310, 6309, 6356, 6358, 6355, 6354, 6367, 6365]
Peso: 11301
----------------------------------------
Algoritmo de FloydWarshall
Tempo de execução: Tempo excedido
Caminho: []
Peso: inf


Rodada 4
Origem: 7652 Destino: 5069
Processando...
----------------------------------------
Algoritmo de Dijkstra
Tempo de execução: 3.1185951232910156
Caminho: [7652, 7604, 7605, 7606, 7608, 7600, 7601, 7243, 7244, 7255, 7254, 7253, 7245, 7240, 7241, 7117, 7109, 7108, 7110, 7102, 7094, 7095, 7100, 7096, 7097, 7932, 5097, 5098, 5146, 5147, 5138, 5139, 5137, 5133, 5132, 5111, 5092, 5106, 5105, 5090, 5059, 5057, 5058, 5206, 5069]
Peso: 8819
----------------------------------------
Algoritmo de Bellman-Ford
Tempo de execução: 140.57112908363342
Caminho: [7652, 7604, 7605, 7606, 7608, 7600, 7601, 7243, 7244, 7255, 7254, 7253, 7245, 7240, 7241, 7117, 7109, 7108, 7110, 7102, 7094, 7095, 7100, 7096, 7097, 7932, 5097, 5098, 5146, 5147, 5138, 5139, 5137, 5133, 5132, 5111, 5092, 5106, 5105, 5090, 5059, 5057, 5058, 5206, 5069]
Peso: 8819
----------------------------------------
Algoritmo de FloydWarshall
Tempo de execução: Tempo excedido
Caminho: []
Peso: inf


Rodada 5
Origem: 7662 Destino: 1338
Processando...
----------------------------------------
Algoritmo de Dijkstra
Tempo de execução: 3.2646260261535645
Caminho: [7662, 7333, 7331, 7335, 7334, 7313, 7316, 7261, 7259, 7257, 7256, 7254, 7253, 7239, 7238, 7233, 7232, 7175, 7174, 7168, 7166, 7165, 7070, 7066, 4885, 7068, 7069, 2214, 2224, 2223, 2219, 2218, 2210, 1346, 1106, 1338]
Peso: 16723
----------------------------------------
Algoritmo de Bellman-Ford
Tempo de execução: 132.96713137626648
Caminho: [7662, 7333, 7331, 7335, 7334, 7313, 7316, 7261, 7259, 7257, 7256, 7254, 7253, 7239, 7238, 7233, 7232, 7175, 7174, 7168, 7166, 7165, 7070, 7066, 4885, 7068, 7069, 2214, 2224, 2223, 2219, 2218, 2210, 1346, 1106, 1338]
Peso: 16723
----------------------------------------
Algoritmo de FloydWarshall
Tempo de execução: Tempo excedido
Caminho: []
Peso: inf


Rodada 6
Origem: 1497 Destino: 9418
Processando...
----------------------------------------
Algoritmo de Dijkstra
Tempo de execução: 2.9860169887542725
Caminho: [1497, 1498, 1501, 155, 1520, 1517, 1556, 1518, 1516, 1551, 1515, 1514, 1463, 1454, 1455, 1440, 1439, 8068, 8069, 8070, 8027, 8020, 8018, 8023, 8019, 5184, 5373, 5374, 5375, 5376, 5370, 9418]
Peso: 20271
----------------------------------------
Algoritmo de Bellman-Ford
Tempo de execução: 131.5256175994873
Caminho: [1497, 1498, 1501, 155, 1520, 1517, 1556, 1518, 1516, 1551, 1515, 1514, 1463, 1454, 1455, 1440, 1439, 8068, 8069, 8070, 8027, 8020, 8018, 8023, 8019, 5184, 5373, 5374, 5375, 5376, 5370, 9418]
Peso: 20271
----------------------------------------
Algoritmo de FloydWarshall
Tempo de execução: Tempo excedido
Caminho: []
Peso: inf


Rodada 7
Origem: 6635 Destino: 8991
Processando...
----------------------------------------
Algoritmo de Dijkstra
Tempo de execução: 3.0027546882629395
Caminho: [6635, 6589, 6661, 6640, 6654, 6657, 6682, 6863, 6836, 6838, 6859, 6860, 6917, 6918, 6921, 6934, 6932, 6937, 6938, 7443, 7445, 7448, 6881, 7462, 7477, 7489, 7491, 7492, 7517, 7518, 7519, 7522, 7523, 7532, 7535, 7560, 7561, 7562, 8554, 8556, 8564, 8565, 8568, 8577, 8602, 8604, 8616, 8785, 8784, 8786, 8802, 8789, 8804, 8805, 8993, 8995, 8996, 8991]
Peso: 11323
----------------------------------------
Algoritmo de Bellman-Ford
Tempo de execução: 129.89901757240295
Caminho: [6635, 6589, 6661, 6640, 6654, 6657, 6682, 6863, 6836, 6838, 6859, 6860, 6917, 6918, 6921, 6934, 6932, 6937, 6938, 7443, 7445, 7448, 6881, 7462, 7477, 7489, 7491, 7492, 7517, 7518, 7519, 7522, 7523, 7532, 7535, 7560, 7561, 7562, 8554, 8556, 8564, 8565, 8568, 8577, 8602, 8604, 8616, 8785, 8784, 8786, 8802, 8789, 8804, 8805, 8993, 8995, 8996, 8991]
Peso: 11323
----------------------------------------
Algoritmo de FloydWarshall
Tempo de execução: Tempo excedido
Caminho: []
Peso: inf


Rodada 8
Origem: 9173 Destino: 7429
Processando...
----------------------------------------
Algoritmo de Dijkstra
Tempo de execução: 3.003110408782959
Caminho: [9173, 9168, 9167, 8868, 8867, 8862, 8854, 8853, 8850, 8844, 8800, 8799, 8794, 8784, 8783, 8780, 8777, 8612, 8610, 8586, 8584, 8552, 8551, 8542, 8538, 8537, 7549, 7541, 7536, 7512, 7513, 7508, 7507, 7488, 7487, 7430, 7429]
Peso: 8601
----------------------------------------
Algoritmo de Bellman-Ford
Tempo de execução: 129.49449253082275
Caminho: [9173, 9168, 9167, 8868, 8867, 8862, 8854, 8853, 8850, 8844, 8800, 8799, 8794, 8784, 8783, 8780, 8777, 8612, 8610, 8586, 8584, 8552, 8551, 8542, 8538, 8537, 7549, 7541, 7536, 7512, 7513, 7508, 7507, 7488, 7487, 7430, 7429]
Peso: 8601
----------------------------------------
Algoritmo de FloydWarshall
Tempo de execução: Tempo excedido
Caminho: []
Peso: inf


Rodada 9
Origem: 7674 Destino: 3382
Processando...
----------------------------------------
Algoritmo de Dijkstra
Tempo de execução: 2.9901397228240967
Caminho: [7674, 7673, 7672, 7625, 7619, 7618, 7616, 7615, 7612, 7609, 7599, 7597, 7596, 7593, 7229, 7228, 7227, 7226, 7222, 9350, 7216, 8583, 7180, 7166, 7165, 7070, 7066, 7064, 7062, 7024, 7023, 7019, 7017, 9326, 9324, 9325, 9323, 4909, 9322, 4894, 4895, 4892, 4887, 4852, 4853, 8736, 9193, 9303, 9304, 9330, 9331, 9334, 4843, 4660, 4658, 4655, 4638, 4636, 9545, 9442, 4599, 4597, 4526, 4527, 4523, 4528, 4521, 4520, 9542, 9541, 4507, 4379, 4376, 4364, 4361, 4346, 4345, 4342, 4337, 4339, 3324, 3322, 3321, 3311, 3308, 3306, 3294, 3293, 3291, 3287, 3286, 3285, 3192, 3191, 3190, 3189, 3188, 3187, 3186, 3185, 3184, 3183, 3180, 3181, 3179, 3178, 3177, 3176, 3182, 3160, 3170, 3161, 3171, 3173, 3355, 3357, 3382]
Peso: 15956
----------------------------------------
Algoritmo de Bellman-Ford
Tempo de execução: 130.02260994911194
Caminho: [7674, 7673, 7672, 7625, 7619, 7618, 7616, 7615, 7612, 7609, 7599, 7597, 7596, 7593, 7229, 7228, 7227, 7226, 7222, 9350, 7216, 8583, 7180, 7166, 7165, 7070, 7066, 7064, 7062, 7024, 7023, 7019, 7017, 9326, 9324, 9325, 9323, 4909, 9322, 4894, 4895, 4892, 4887, 4852, 4853, 8736, 9193, 9303, 9304, 9330, 9331, 9334, 4843, 4660, 4658, 4655, 4638, 4636, 9545, 9442, 4599, 4597, 4526, 4527, 4523, 4528, 4521, 4520, 9542, 9541, 4507, 4379, 4376, 4364, 4361, 4346, 4345, 4342, 4337, 4339, 3324, 3322, 3321, 3311, 3308, 3306, 3294, 3293, 3291, 3287, 3286, 3285, 3192, 3191, 3190, 3189, 3188, 3187, 3186, 3185, 3184, 3183, 3180, 3181, 3179, 3178, 3177, 3176, 3182, 3160, 3170, 3161, 3171, 3173, 3355, 3357, 3382]
Peso: 15956
----------------------------------------
Algoritmo de FloydWarshall
Tempo de execução: Tempo excedido
Caminho: []
Peso: inf


Rodada 10
Origem: 983 Destino: 8593
Processando...
----------------------------------------
Algoritmo de Dijkstra
Tempo de execução: 3.022568702697754
Caminho: [983, 984, 992, 985, 994, 1009, 1008, 8481, 8482, 8483, 8510, 8537, 8538, 8542, 8551, 8552, 8584, 8586, 8595, 8593]
Peso: 14707
----------------------------------------
Algoritmo de Bellman-Ford
Tempo de execução: 134.58679127693176
Caminho: [983, 984, 992, 985, 994, 1009, 1008, 8481, 8482, 8483, 8510, 8537, 8538, 8542, 8551, 8552, 8584, 8586, 8595, 8593]
Peso: 14707
----------------------------------------
Algoritmo de FloydWarshall
Tempo de execução: Tempo excedido
Caminho: []
Peso: inf


